0	82.875480
1	82.850970
2	82.826469
3	82.801979
4	82.777498
5	82.753027
6	82.728566
7	82.704114
8	82.679673
9	82.655241
10	82.630819
11	82.606406
12	82.582004
13	82.557611
14	82.533228
15	82.508855
16	82.484491
17	82.460137
18	82.435793
19	82.411459
20	82.387134
21	82.362820
22	82.338514
23	82.314219
24	82.289933
25	82.265657
26	82.241391
27	82.217135
28	82.192888
29	82.168651
30	82.144423
31	82.120205
32	82.095997
33	82.071799
34	82.047610
35	82.023431
36	81.999262
37	81.975102
38	81.950952
39	81.926812
40	81.902681
41	81.878560
42	81.854448
43	81.830347
44	81.806254
45	81.782172
46	81.758099
47	81.734036
48	81.709982
49	81.685938
50	81.661904
51	81.637879
52	81.613864
53	81.589858
54	81.565862
55	81.541876
56	81.517899
57	81.493932
58	81.469975
59	81.446027
60	81.422088
61	81.398159
62	81.374240
63	81.350330
64	81.326430
65	81.302540
66	81.278659
67	81.254787
68	81.230925
69	81.207073
70	81.183230
71	81.159397
72	81.135573
73	81.111759
74	81.087954
75	81.064159
76	81.040373
77	81.016597
78	80.992831
79	80.969073
80	80.945326
81	80.921588
82	80.897859
83	80.874140
84	80.850430
85	80.826730
86	80.803039
87	80.779358
88	80.755686
89	80.732024
90	80.708371
91	80.684728
92	80.661094
93	80.637470
94	80.613855
95	80.590249
96	80.566653
97	80.543066
98	80.519489
99	80.495921
100	80.472363
101	80.448814
102	80.425274
103	80.401744
104	80.378224
105	80.354712
106	80.331211
107	80.307718
108	80.284235
109	80.260761
110	80.237297
111	80.213842
112	80.190396
113	80.166960
114	80.143534
115	80.120116
116	80.096708
117	80.073309
118	80.049920
119	80.026540
120	80.003169
121	79.979808
122	79.956456
123	79.933114
124	79.909780
125	79.886457
126	79.863142
127	79.839837
128	79.816541
129	79.793254
130	79.769977
131	79.746709
132	79.723450
133	79.700201
134	79.676961
135	79.653730
136	79.630508
137	79.607296
138	79.584093
139	79.560900
140	79.537715
141	79.514540
142	79.491374
143	79.468218
144	79.445071
145	79.421933
146	79.398804
147	79.375684
148	79.352574
149	79.329473
150	79.306381
151	79.283299
152	79.260225
153	79.237161
154	79.214106
155	79.191061
156	79.168024
157	79.144997
158	79.121979
159	79.098970
160	79.075971
161	79.052980
162	79.029999
163	79.007027
164	78.984064
165	78.961111
166	78.938166
167	78.915231
168	78.892305
169	78.869388
170	78.846480
171	78.823582
172	78.800692
173	78.777812
174	78.754941
175	78.732079
176	78.709226
177	78.686382
178	78.663548
179	78.640722
180	78.617906
181	78.595099
182	78.572301
183	78.549512
184	78.526732
185	78.503961
186	78.481200
187	78.458447
188	78.435704
189	78.412970
190	78.390244
191	78.367528
192	78.344821
193	78.322123
194	78.299435
195	78.276755
196	78.254084
197	78.231422
198	78.208770
199	78.186126
200	78.163492
201	78.140867
202	78.118250
203	78.095643
204	78.073045
205	78.050455
206	78.027875
207	78.005304
208	77.982742
209	77.960189
210	77.937645
211	77.915110
212	77.892584
213	77.870067
214	77.847559
215	77.825060
216	77.802570
217	77.780089
218	77.757617
219	77.735153
220	77.712699
221	77.690254
222	77.667818
223	77.645391
224	77.622973
225	77.600564
226	77.578164
227	77.555772
228	77.533390
229	77.511017
230	77.488652
231	77.466297
232	77.443950
233	77.421613
234	77.399284
235	77.376964
236	77.354654
237	77.332352
238	77.310059
239	77.287775
240	77.265500
241	77.243233
242	77.220976
243	77.198728
244	77.176488
245	77.154258
246	77.132036
247	77.109823
248	77.087619
249	77.065424
250	77.043238
251	77.021061
252	76.998892
253	76.976733
254	76.954582
255	76.932440
256	76.910307
257	76.888183
258	76.866068
259	76.843961
260	76.821864
261	76.799775
262	76.777695
263	76.755624
264	76.733562
265	76.711508
266	76.689464
267	76.667428
268	76.645401
269	76.623383
270	76.601373
271	76.579373
272	76.557381
273	76.535398
274	76.513424
275	76.491459
276	76.469502
277	76.447554
278	76.425615
279	76.403685
280	76.381764
281	76.359851
282	76.337947
283	76.316052
284	76.294165
285	76.272288
286	76.250419
287	76.228559
288	76.206707
289	76.184864
290	76.163031
291	76.141205
292	76.119389
293	76.097581
294	76.075782
295	76.053992
296	76.032210
297	76.010437
298	75.988673
299	75.966918
300	75.945171
301	75.923433
302	75.901703
303	75.879983
304	75.858271
305	75.836567
306	75.814873
307	75.793187
308	75.771510
309	75.749841
310	75.728181
311	75.706530
312	75.684887
313	75.663253
314	75.641628
315	75.620011
316	75.598403
317	75.576804
318	75.555213
319	75.533631
320	75.512058
321	75.490493
322	75.468937
323	75.447389
324	75.425850
325	75.404320
326	75.382798
327	75.361285
328	75.339780
329	75.318284
330	75.296797
331	75.275318
332	75.253848
333	75.232387
334	75.210934
335	75.189489
336	75.168054
337	75.146626
338	75.125208
339	75.103798
340	75.082396
341	75.061003
342	75.039619
343	75.018243
344	74.996876
345	74.975517
346	74.954167
347	74.932825
348	74.911492
349	74.890167
350	74.868851
351	74.847544
352	74.826245
353	74.804954
354	74.783672
355	74.762399
356	74.741134
357	74.719877
358	74.698629
359	74.677390
360	74.656159
361	74.634936
362	74.613723
363	74.592517
364	74.571320
365	74.550131
366	74.528951
367	74.507780
368	74.486617
369	74.465462
370	74.444316
371	74.423178
372	74.402049
373	74.380928
374	74.359816
375	74.338712
376	74.317616
377	74.296529
378	74.275451
379	74.254380
380	74.233319
381	74.212265
382	74.191220
383	74.170184
384	74.149156
385	74.128136
386	74.107125
387	74.086122
388	74.065128
389	74.044142
390	74.023164
391	74.002195
392	73.981234
393	73.960281
394	73.939337
395	73.918402
396	73.897474
397	73.876555
398	73.855645
399	73.834742
400	73.813848
401	73.792963
402	73.772086
403	73.751217
404	73.730356
405	73.709504
406	73.688660
407	73.667825
408	73.646998
409	73.626179
410	73.605369
411	73.584566
412	73.563773
413	73.542987
414	73.522210
415	73.501441
416	73.480680
417	73.459928
418	73.439184
419	73.418448
420	73.397721
421	73.377002
422	73.356291
423	73.335589
424	73.314894
425	73.294208
426	73.273531
427	73.252861
428	73.232200
429	73.211547
430	73.190903
431	73.170266
432	73.149638
433	73.129018
434	73.108407
435	73.087803
436	73.067208
437	73.046621
438	73.026043
439	73.005472
440	72.984910
441	72.964356
442	72.943810
443	72.923273
444	72.902744
445	72.882223
446	72.861710
447	72.841205
448	72.820709
449	72.800220
450	72.779740
451	72.759268
452	72.738805
453	72.718349
454	72.697902
455	72.677463
456	72.657032
457	72.636609
458	72.616194
459	72.595788
460	72.575389
461	72.554999
462	72.534617
463	72.514243
464	72.493878
465	72.473520
466	72.453171
467	72.432829
468	72.412496
469	72.392171
470	72.371854
471	72.351546
472	72.331245
473	72.310952
474	72.290668
475	72.270392
476	72.250124
477	72.229864
478	72.209612
479	72.189368
480	72.169132
481	72.148904
482	72.128685
483	72.108473
484	72.088270
485	72.068075
486	72.047887
487	72.027708
488	72.007537
489	71.987374
490	71.967219
491	71.947072
492	71.926934
493	71.906803
494	71.886680
495	71.866565
496	71.846459
497	71.826360
498	71.806270
499	71.786187
500	71.766113
501	71.746046
502	71.725988
503	71.705937
504	71.685895
505	71.665861
506	71.645834
507	71.625816
508	71.605806
509	71.585803
510	71.565809
511	71.545823
512	71.525844
513	71.505874
514	71.485912
515	71.465957
516	71.446011
517	71.426073
518	71.406142
519	71.386220
520	71.366305
521	71.346399
522	71.326500
523	71.306609
524	71.286727
525	71.266852
526	71.246985
527	71.227127
528	71.207276
529	71.187433
530	71.167598
531	71.147771
532	71.127952
533	71.108141
534	71.088337
535	71.068542
536	71.048755
537	71.028975
538	71.009203
539	70.989440
540	70.969684
541	70.949936
542	70.930196
543	70.910464
544	70.890740
545	70.871024
546	70.851315
547	70.831615
548	70.811922
549	70.792237
550	70.772560
551	70.752891
552	70.733230
553	70.713577
554	70.693931
555	70.674294
556	70.654664
557	70.635042
558	70.615428
559	70.595822
560	70.576224
561	70.556633
562	70.537051
563	70.517476
564	70.497909
565	70.478350
566	70.458798
567	70.439255
568	70.419719
569	70.400191
570	70.380671
571	70.361159
572	70.341654
573	70.322158
574	70.302669
575	70.283188
576	70.263715
577	70.244249
578	70.224791
579	70.205341
580	70.185899
581	70.166465
582	70.147038
583	70.127620
584	70.108208
585	70.088805
586	70.069410
587	70.050022
588	70.030642
589	70.011270
590	69.991905
591	69.972548
592	69.953199
593	69.933858
594	69.914525
595	69.895199
596	69.875881
597	69.856570
598	69.837268
599	69.817973
600	69.798686
601	69.779406
602	69.760134
603	69.740870
604	69.721614
605	69.702365
606	69.683124
607	69.663891
608	69.644666
609	69.625448
610	69.606237
611	69.587035
612	69.567840
613	69.548653
614	69.529474
615	69.510302
616	69.491138
617	69.471981
618	69.452832
619	69.433691
620	69.414558
621	69.395432
622	69.376314
623	69.357203
624	69.338100
625	69.319005
626	69.299918
627	69.280838
628	69.261765
629	69.242701
630	69.223643
631	69.204594
632	69.185552
633	69.166518
634	69.147491
635	69.128472
636	69.109461
637	69.090457
638	69.071461
639	69.052472
640	69.033491
641	69.014518
642	68.995552
643	68.976594
644	68.957643
645	68.938700
646	68.919765
647	68.900837
648	68.881917
649	68.863004
650	68.844099
651	68.825201
652	68.806311
653	68.787428
654	68.768553
655	68.749686
656	68.730826
657	68.711974
658	68.693129
659	68.674292
660	68.655462
661	68.636640
662	68.617825
663	68.599018
664	68.580218
665	68.561426
666	68.542642
667	68.523865
668	68.505095
669	68.486333
670	68.467579
671	68.448832
672	68.430092
673	68.411360
674	68.392635
675	68.373918
676	68.355209
677	68.336507
678	68.317812
679	68.299125
680	68.280445
681	68.261773
682	68.243108
683	68.224451
684	68.205801
685	68.187159
686	68.168524
687	68.149897
688	68.131277
689	68.112664
690	68.094059
691	68.075462
692	68.056872
693	68.038289
694	68.019713
695	68.001146
696	67.982585
697	67.964032
698	67.945486
699	67.926948
700	67.908417
701	67.889894
702	67.871378
703	67.852870
704	67.834368
705	67.815875
706	67.797388
707	67.778909
708	67.760438
709	67.741974
710	67.723517
711	67.705067
712	67.686625
713	67.668191
714	67.649764
715	67.631344
716	67.612931
717	67.594526
718	67.576128
719	67.557738
720	67.539355
721	67.520979
722	67.502610
723	67.484249
724	67.465896
725	67.447549
726	67.429210
727	67.410879
728	67.392554
729	67.374237
730	67.355928
731	67.337625
732	67.319330
733	67.301042
734	67.282762
735	67.264489
736	67.246223
737	67.227965
738	67.209713
739	67.191470
740	67.173233
741	67.155004
742	67.136782
743	67.118567
744	67.100360
745	67.082159
746	67.063966
747	67.045781
748	67.027603
749	67.009432
750	66.991268
751	66.973111
752	66.954962
753	66.936820
754	66.918685
755	66.900558
756	66.882438
757	66.864325
758	66.846219
759	66.828120
760	66.810029
761	66.791945
762	66.773868
763	66.755799
764	66.737737
765	66.719681
766	66.701634
767	66.683593
768	66.665559
769	66.647533
770	66.629514
771	66.611502
772	66.593498
773	66.575500
774	66.557510
775	66.539527
776	66.521551
777	66.503583
778	66.485621
779	66.467667
780	66.449720
781	66.431780
782	66.413847
783	66.395922
784	66.378004
785	66.360092
786	66.342188
787	66.324291
788	66.306402
789	66.288519
790	66.270644
791	66.252775
792	66.234914
793	66.217060
794	66.199214
795	66.181374
796	66.163541
797	66.145716
798	66.127898
799	66.110086
800	66.092282
801	66.074486
802	66.056696
803	66.038913
804	66.021137
805	66.003369
806	65.985608
807	65.967853
808	65.950106
809	65.932366
810	65.914633
811	65.896907
812	65.879189
813	65.861477
814	65.843772
815	65.826075
816	65.808384
817	65.790701
818	65.773025
819	65.755356
820	65.737694
821	65.720038
822	65.702390
823	65.684749
824	65.667116
825	65.649489
826	65.631869
827	65.614256
828	65.596650
829	65.579052
830	65.561460
831	65.543876
832	65.526298
833	65.508728
834	65.491164
835	65.473608
836	65.456058
837	65.438516
838	65.420980
839	65.403452
840	65.385931
841	65.368416
842	65.350909
843	65.333408
844	65.315915
845	65.298429
846	65.280949
847	65.263477
848	65.246012
849	65.228553
850	65.211102
851	65.193657
852	65.176220
853	65.158789
854	65.141366
855	65.123949
856	65.106540
857	65.089137
858	65.071741
859	65.054353
860	65.036971
861	65.019596
862	65.002228
863	64.984867
864	64.967514
865	64.950167
866	64.932826
867	64.915493
868	64.898167
869	64.880848
870	64.863536
871	64.846230
872	64.828932
873	64.811640
874	64.794355
875	64.777078
876	64.759807
877	64.742543
878	64.725286
879	64.708036
880	64.690793
881	64.673556
882	64.656327
883	64.639104
884	64.621889
885	64.604680
886	64.587478
887	64.570283
888	64.553095
889	64.535914
890	64.518739
891	64.501572
892	64.484411
893	64.467257
894	64.450111
895	64.432970
896	64.415837
897	64.398711
898	64.381591
899	64.364479
900	64.347373
901	64.330274
902	64.313182
903	64.296097
904	64.279018
905	64.261947
906	64.244882
907	64.227824
908	64.210773
909	64.193728
910	64.176691
911	64.159660
912	64.142636
913	64.125619
914	64.108609
915	64.091606
916	64.074609
917	64.057619
918	64.040636
919	64.023660
920	64.006690
921	63.989728
922	63.972772
923	63.955823
924	63.938880
925	63.921945
926	63.905016
927	63.888094
928	63.871179
929	63.854270
930	63.837369
931	63.820474
932	63.803586
933	63.786704
934	63.769829
935	63.752962
936	63.736100
937	63.719246
938	63.702398
939	63.685557
940	63.668723
941	63.651896
942	63.635075
943	63.618261
944	63.601453
945	63.584653
946	63.567859
947	63.551072
948	63.534291
949	63.517518
950	63.500751
951	63.483990
952	63.467237
953	63.450490
954	63.433750
955	63.417016
956	63.400289
957	63.383569
958	63.366856
959	63.350149
960	63.333449
961	63.316756
962	63.300069
963	63.283389
964	63.266716
965	63.250049
966	63.233389
967	63.216736
968	63.200089
969	63.183449
970	63.166815
971	63.150189
972	63.133569
973	63.116955
974	63.100348
975	63.083748
976	63.067155
977	63.050568
978	63.033988
979	63.017414
980	63.000847
981	62.984287
982	62.967733
983	62.951186
984	62.934645
985	62.918112
986	62.901584
987	62.885064
988	62.868550
989	62.852042
990	62.835541
991	62.819047
992	62.802560
993	62.786079
994	62.769604
995	62.753136
996	62.736675
997	62.720220
998	62.703772
999	62.687331
1000	62.670896
1001	62.654468
1002	62.638046
1003	62.621631
1004	62.605222
1005	62.588820
1006	62.572424
1007	62.556035
1008	62.539653
1009	62.523277
1010	62.506908
1011	62.490545
1012	62.474189
1013	62.457839
1014	62.441496
1015	62.425159
1016	62.408829
1017	62.392506
1018	62.376189
1019	62.359878
1020	62.343574
1021	62.327277
1022	62.310986
1023	62.294702
1024	62.278424
1025	62.262152
1026	62.245887
1027	62.229629
1028	62.213377
1029	62.197132
1030	62.180893
1031	62.164661
1032	62.148435
1033	62.132215
1034	62.116003
1035	62.099796
1036	62.083596
1037	62.067403
1038	62.051216
1039	62.035035
1040	62.018861
1041	62.002694
1042	61.986533
1043	61.970378
1044	61.954230
1045	61.938088
1046	61.921953
1047	61.905824
1048	61.889702
1049	61.873586
1050	61.857477
1051	61.841374
1052	61.825277
1053	61.809187
1054	61.793103
1055	61.777026
1056	61.760955
1057	61.744891
1058	61.728833
1059	61.712781
1060	61.696736
1061	61.680698
1062	61.664665
1063	61.648639
1064	61.632620
1065	61.616607
1066	61.600600
1067	61.584600
1068	61.568606
1069	61.552619
1070	61.536638
1071	61.520663
1072	61.504695
1073	61.488733
1074	61.472777
1075	61.456828
1076	61.440886
1077	61.424949
1078	61.409019
1079	61.393096
1080	61.377178
1081	61.361267
1082	61.345363
1083	61.329465
1084	61.313573
1085	61.297688
1086	61.281809
1087	61.265936
1088	61.250069
1089	61.234209
1090	61.218356
1091	61.202508
1092	61.186667
1093	61.170833
1094	61.155004
1095	61.139182
1096	61.123367
1097	61.107557
1098	61.091754
1099	61.075958
1100	61.060167
1101	61.044383
1102	61.028605
1103	61.012834
1104	60.997069
1105	60.981310
1106	60.965558
1107	60.949811
1108	60.934071
1109	60.918338
1110	60.902610
1111	60.886889
1112	60.871175
1113	60.855466
1114	60.839764
1115	60.824068
1116	60.808378
1117	60.792695
1118	60.777018
1119	60.761347
1120	60.745683
1121	60.730024
1122	60.714372
1123	60.698727
1124	60.683087
1125	60.667454
1126	60.651827
1127	60.636206
1128	60.620592
1129	60.604983
1130	60.589381
1131	60.573786
1132	60.558196
1133	60.542613
1134	60.527036
1135	60.511465
1136	60.495900
1137	60.480342
1138	60.464790
1139	60.449244
1140	60.433704
1141	60.418171
1142	60.402644
1143	60.387123
1144	60.371608
1145	60.356099
1146	60.340597
1147	60.325100
1148	60.309610
1149	60.294126
1150	60.278649
1151	60.263177
1152	60.247712
1153	60.232253
1154	60.216800
1155	60.201353
1156	60.185913
1157	60.170479
1158	60.155050
1159	60.139628
1160	60.124212
1161	60.108803
1162	60.093399
1163	60.078002
1164	60.062611
1165	60.047226
1166	60.031847
1167	60.016474
1168	60.001107
1169	59.985747
1170	59.970393
1171	59.955045
1172	59.939702
1173	59.924367
1174	59.909037
1175	59.893713
1176	59.878396
1177	59.863084
1178	59.847779
1179	59.832480
1180	59.817187
1181	59.801900
1182	59.786619
1183	59.771345
1184	59.756076
1185	59.740814
1186	59.725557
1187	59.710307
1188	59.695063
1189	59.679825
1190	59.664593
1191	59.649367
1192	59.634148
1193	59.618934
1194	59.603726
1195	59.588525
1196	59.573329
1197	59.558140
1198	59.542957
1199	59.527780
1200	59.512609
1201	59.497444
1202	59.482285
1203	59.467132
1204	59.451985
1205	59.436844
1206	59.421709
1207	59.406581
1208	59.391458
1209	59.376341
1210	59.361231
1211	59.346126
1212	59.331028
1213	59.315935
1214	59.300849
1215	59.285769
1216	59.270694
1217	59.255626
1218	59.240564
1219	59.225508
1220	59.210458
1221	59.195413
1222	59.180375
1223	59.165343
1224	59.150317
1225	59.135297
1226	59.120283
1227	59.105275
1228	59.090272
1229	59.075276
1230	59.060286
1231	59.045302
1232	59.030324
1233	59.015352
1234	59.000386
1235	58.985426
1236	58.970471
1237	58.955523
1238	58.940581
1239	58.925645
1240	58.910714
1241	58.895790
1242	58.880872
1243	58.865960
1244	58.851053
1245	58.836153
1246	58.821258
1247	58.806370
1248	58.791487
1249	58.776611
1250	58.761740
1251	58.746875
1252	58.732017
1253	58.717164
1254	58.702317
1255	58.687476
1256	58.672641
1257	58.657812
1258	58.642989
1259	58.628172
1260	58.613360
1261	58.598555
1262	58.583756
1263	58.568962
1264	58.554174
1265	58.539393
1266	58.524617
1267	58.509847
1268	58.495083
1269	58.480325
1270	58.465573
1271	58.450827
1272	58.436086
1273	58.421352
1274	58.406624
1275	58.391901
1276	58.377184
1277	58.362473
1278	58.347768
1279	58.333069
1280	58.318376
1281	58.303689
1282	58.289007
1283	58.274331
1284	58.259662
1285	58.244998
1286	58.230340
1287	58.215688
1288	58.201041
1289	58.186401
1290	58.171766
1291	58.157138
1292	58.142515
1293	58.127898
1294	58.113287
1295	58.098681
1296	58.084082
1297	58.069488
1298	58.054901
1299	58.040319
1300	58.025742
1301	58.011172
1302	57.996608
1303	57.982049
1304	57.967496
1305	57.952949
1306	57.938408
1307	57.923873
1308	57.909343
1309	57.894819
1310	57.880301
1311	57.865789
1312	57.851283
1313	57.836783
1314	57.822288
1315	57.807799
1316	57.793316
1317	57.778838
1318	57.764367
1319	57.749901
1320	57.735441
1321	57.720987
1322	57.706539
1323	57.692096
1324	57.677659
1325	57.663228
1326	57.648803
1327	57.634383
1328	57.619970
1329	57.605562
1330	57.591159
1331	57.576763
1332	57.562372
1333	57.547987
1334	57.533608
1335	57.519235
1336	57.504867
1337	57.490505
1338	57.476149
1339	57.461798
1340	57.447454
1341	57.433115
1342	57.418781
1343	57.404454
1344	57.390132
1345	57.375816
1346	57.361506
1347	57.347201
1348	57.332902
1349	57.318609
1350	57.304322
1351	57.290040
1352	57.275764
1353	57.261494
1354	57.247229
1355	57.232970
1356	57.218717
1357	57.204469
1358	57.190228
1359	57.175991
1360	57.161761
1361	57.147536
1362	57.133317
1363	57.119104
1364	57.104896
1365	57.090694
1366	57.076498
1367	57.062308
1368	57.048123
1369	57.033943
1370	57.019770
1371	57.005602
1372	56.991440
1373	56.977283
1374	56.963132
1375	56.948987
1376	56.934847
1377	56.920713
1378	56.906585
1379	56.892462
1380	56.878345
1381	56.864234
1382	56.850128
1383	56.836028
1384	56.821934
1385	56.807845
1386	56.793762
1387	56.779685
1388	56.765613
1389	56.751546
1390	56.737486
1391	56.723431
1392	56.709381
1393	56.695338
1394	56.681300
1395	56.667267
1396	56.653240
1397	56.639219
1398	56.625203
1399	56.611193
1400	56.597189
1401	56.583190
1402	56.569196
1403	56.555209
1404	56.541227
1405	56.527250
1406	56.513279
1407	56.499314
1408	56.485354
1409	56.471400
1410	56.457452
1411	56.443509
1412	56.429571
1413	56.415639
1414	56.401713
1415	56.387792
1416	56.373877
1417	56.359968
1418	56.346064
1419	56.332165
1420	56.318272
1421	56.304385
1422	56.290503
1423	56.276627
1424	56.262757
1425	56.248891
1426	56.235032
1427	56.221178
1428	56.207329
1429	56.193486
1430	56.179649
1431	56.165817
1432	56.151991
1433	56.138170
1434	56.124355
1435	56.110545
1436	56.096741
1437	56.082942
1438	56.069149
1439	56.055361
1440	56.041579
1441	56.027803
1442	56.014031
1443	56.000266
1444	55.986506
1445	55.972751
1446	55.959002
1447	55.945258
1448	55.931520
1449	55.917788
1450	55.904061
1451	55.890339
1452	55.876623
1453	55.862912
1454	55.849207
1455	55.835507
1456	55.821813
1457	55.808124
1458	55.794441
1459	55.780763
1460	55.767091
1461	55.753424
1462	55.739763
1463	55.726107
1464	55.712457
1465	55.698812
1466	55.685172
1467	55.671538
1468	55.657909
1469	55.644286
1470	55.630668
1471	55.617056
1472	55.603449
1473	55.589848
1474	55.576252
1475	55.562662
1476	55.549076
1477	55.535497
1478	55.521923
1479	55.508354
1480	55.494791
1481	55.481233
1482	55.467680
1483	55.454133
1484	55.440591
1485	55.427055
1486	55.413524
1487	55.399999
1488	55.386479
1489	55.372964
1490	55.359455
1491	55.345951
1492	55.332453
1493	55.318960
1494	55.305472
1495	55.291990
1496	55.278513
1497	55.265042
1498	55.251576
1499	55.238115
1500	55.224660
1501	55.211210
1502	55.197766
1503	55.184327
1504	55.170893
1505	55.157465
1506	55.144042
1507	55.130624
1508	55.117212
1509	55.103805
1510	55.090403
1511	55.077007
1512	55.063616
1513	55.050231
1514	55.036851
1515	55.023476
1516	55.010107
1517	54.996743
1518	54.983384
1519	54.970031
1520	54.956683
1521	54.943340
1522	54.930003
1523	54.916671
1524	54.903344
1525	54.890023
1526	54.876707
1527	54.863396
1528	54.850091
1529	54.836791
1530	54.823496
1531	54.810206
1532	54.796922
1533	54.783644
1534	54.770370
1535	54.757102
1536	54.743839
1537	54.730582
1538	54.717329
1539	54.704082
1540	54.690841
1541	54.677604
1542	54.664373
1543	54.651148
1544	54.637927
1545	54.624712
1546	54.611502
1547	54.598298
1548	54.585098
1549	54.571904
1550	54.558715
1551	54.545532
1552	54.532354
1553	54.519181
1554	54.506013
1555	54.492851
1556	54.479694
1557	54.466542
1558	54.453395
1559	54.440254
1560	54.427118
1561	54.413987
1562	54.400861
1563	54.387741
1564	54.374626
1565	54.361516
1566	54.348411
1567	54.335312
1568	54.322218
1569	54.309129
1570	54.296045
1571	54.282967
1572	54.269894
1573	54.256826
1574	54.243763
1575	54.230705
1576	54.217653
1577	54.204606
1578	54.191564
1579	54.178528
1580	54.165496
1581	54.152470
1582	54.139449
1583	54.126433
1584	54.113423
1585	54.100417
1586	54.087417
1587	54.074422
1588	54.061432
1589	54.048448
1590	54.035468
1591	54.022494
1592	54.009525
1593	53.996561
1594	53.983603
1595	53.970649
1596	53.957701
1597	53.944758
1598	53.931820
1599	53.918887
1600	53.905960
1601	53.893037
1602	53.880120
1603	53.867208
1604	53.854301
1605	53.841400
1606	53.828503
1607	53.815612
1608	53.802725
1609	53.789844
1610	53.776968
1611	53.764098
1612	53.751232
1613	53.738371
1614	53.725516
1615	53.712666
1616	53.699821
1617	53.686981
1618	53.674146
1619	53.661316
1620	53.648492
1621	53.635673
1622	53.622858
1623	53.610049
1624	53.597245
1625	53.584446
1626	53.571652
1627	53.558864
1628	53.546080
1629	53.533302
1630	53.520528
1631	53.507760
1632	53.494997
1633	53.482239
1634	53.469486
1635	53.456738
1636	53.443996
1637	53.431258
1638	53.418526
1639	53.405798
1640	53.393076
1641	53.380359
1642	53.367647
1643	53.354939
1644	53.342238
1645	53.329541
1646	53.316849
1647	53.304162
1648	53.291480
1649	53.278804
1650	53.266132
1651	53.253466
1652	53.240804
1653	53.228148
1654	53.215497
1655	53.202851
1656	53.190210
1657	53.177573
1658	53.164942
1659	53.152316
1660	53.139696
1661	53.127080
1662	53.114469
1663	53.101863
1664	53.089262
1665	53.076667
1666	53.064076
1667	53.051490
1668	53.038910
1669	53.026334
1670	53.013764
1671	53.001198
1672	52.988638
1673	52.976082
1674	52.963532
1675	52.950986
1676	52.938446
1677	52.925911
1678	52.913380
1679	52.900855
1680	52.888334
1681	52.875819
1682	52.863309
1683	52.850803
1684	52.838303
1685	52.825808
1686	52.813318
1687	52.800832
1688	52.788352
1689	52.775877
1690	52.763406
1691	52.750941
1692	52.738480
1693	52.726025
1694	52.713575
1695	52.701129
1696	52.688689
1697	52.676253
1698	52.663823
1699	52.651397
1700	52.638977
1701	52.626561
1702	52.614150
1703	52.601745
1704	52.589344
1705	52.576948
1706	52.564558
1707	52.552172
1708	52.539791
1709	52.527415
1710	52.515044
1711	52.502678
1712	52.490317
1713	52.477961
1714	52.465610
1715	52.453263
1716	52.440922
1717	52.428586
1718	52.416254
1719	52.403928
1720	52.391606
1721	52.379290
1722	52.366978
1723	52.354671
1724	52.342369
1725	52.330072
1726	52.317780
1727	52.305493
1728	52.293211
1729	52.280934
1730	52.268661
1731	52.256394
1732	52.244131
1733	52.231874
1734	52.219621
1735	52.207373
1736	52.195130
1737	52.182892
1738	52.170659
1739	52.158431
1740	52.146207
1741	52.133989
1742	52.121775
1743	52.109566
1744	52.097363
1745	52.085164
1746	52.072970
1747	52.060780
1748	52.048596
1749	52.036417
1750	52.024242
1751	52.012072
1752	51.999907
1753	51.987748
1754	51.975592
1755	51.963442
1756	51.951297
1757	51.939156
1758	51.927021
1759	51.914890
1760	51.902764
1761	51.890643
1762	51.878527
1763	51.866415
1764	51.854309
1765	51.842207
1766	51.830110
1767	51.818018
1768	51.805931
1769	51.793848
1770	51.781771
1771	51.769698
1772	51.757630
1773	51.745567
1774	51.733509
1775	51.721455
1776	51.709407
1777	51.697363
1778	51.685324
1779	51.673290
1780	51.661261
1781	51.649236
1782	51.637217
1783	51.625202
1784	51.613192
1785	51.601186
1786	51.589186
1787	51.577190
1788	51.565199
1789	51.553213
1790	51.541232
1791	51.529255
1792	51.517284
1793	51.505317
1794	51.493355
1795	51.481397
1796	51.469445
1797	51.457497
1798	51.445554
1799	51.433616
1800	51.421682
1801	51.409754
1802	51.397830
1803	51.385911
1804	51.373996
1805	51.362087
1806	51.350182
1807	51.338282
1808	51.326386
1809	51.314496
1810	51.302610
1811	51.290729
1812	51.278853
1813	51.266981
1814	51.255114
1815	51.243252
1816	51.231395
1817	51.219543
1818	51.207695
1819	51.195852
1820	51.184013
1821	51.172180
1822	51.160351
1823	51.148527
1824	51.136707
1825	51.124893
1826	51.113083
1827	51.101277
1828	51.089477
1829	51.077681
1830	51.065890
1831	51.054104
1832	51.042322
1833	51.030545
1834	51.018773
1835	51.007005
1836	50.995243
1837	50.983484
1838	50.971731
1839	50.959982
1840	50.948238
1841	50.936499
1842	50.924764
1843	50.913035
1844	50.901309
1845	50.889589
1846	50.877873
1847	50.866162
1848	50.854455
1849	50.842754
1850	50.831057
1851	50.819364
1852	50.807676
1853	50.795993
1854	50.784315
1855	50.772641
1856	50.760972
1857	50.749308
1858	50.737648
1859	50.725993
1860	50.714343
1861	50.702697
1862	50.691056
1863	50.679419
1864	50.667788
1865	50.656160
1866	50.644538
1867	50.632920
1868	50.621307
1869	50.609698
1870	50.598095
1871	50.586495
1872	50.574901
1873	50.563311
1874	50.551725
1875	50.540145
1876	50.528569
1877	50.516997
1878	50.505430
1879	50.493868
1880	50.482311
1881	50.470758
1882	50.459210
1883	50.447666
1884	50.436127
1885	50.424592
1886	50.413062
1887	50.401537
1888	50.390017
1889	50.378501
1890	50.366989
1891	50.355482
1892	50.343980
1893	50.332483
1894	50.320990
1895	50.309501
1896	50.298017
1897	50.286538
1898	50.275064
1899	50.263594
1900	50.252128
1901	50.240667
1902	50.229211
1903	50.217759
1904	50.206312
1905	50.194870
1906	50.183432
1907	50.171998
1908	50.160570
1909	50.149145
1910	50.137726
1911	50.126311
1912	50.114900
1913	50.103494
1914	50.092093
1915	50.080696
1916	50.069304
1917	50.057916
1918	50.046533
1919	50.035154
1920	50.023780
1921	50.012411
1922	50.001046
1923	49.989685
1924	49.978329
1925	49.966978
1926	49.955631
1927	49.944289
1928	49.932951
1929	49.921618
1930	49.910289
1931	49.898965
1932	49.887646
1933	49.876331
1934	49.865020
1935	49.853714
1936	49.842413
1937	49.831116
1938	49.819823
1939	49.808535
1940	49.797252
1941	49.785973
1942	49.774699
1943	49.763429
1944	49.752163
1945	49.740902
1946	49.729646
1947	49.718394
1948	49.707147
1949	49.695904
1950	49.684666
1951	49.673432
1952	49.662202
1953	49.650978
1954	49.639757
1955	49.628541
1956	49.617330
1957	49.606123
1958	49.594920
1959	49.583722
1960	49.572529
1961	49.561340
1962	49.550155
1963	49.538975
1964	49.527800
1965	49.516629
1966	49.505462
1967	49.494300
1968	49.483142
1969	49.471989
1970	49.460840
1971	49.449696
1972	49.438556
1973	49.427420
1974	49.416289
1975	49.405163
1976	49.394041
1977	49.382923
1978	49.371810
1979	49.360701
1980	49.349597
1981	49.338497
1982	49.327402
1983	49.316311
1984	49.305224
1985	49.294142
1986	49.283065
1987	49.271991
1988	49.260923
1989	49.249858
1990	49.238798
1991	49.227743
1992	49.216692
1993	49.205645
1994	49.194603
1995	49.183565
1996	49.172531
1997	49.161502
1998	49.150478
1999	49.139458
2000	49.128442
2001	49.117430
2002	49.106424
2003	49.095421
2004	49.084423
2005	49.073429
2006	49.062440
2007	49.051455
2008	49.040474
2009	49.029498
2010	49.018526
2011	49.007559
2012	48.996596
2013	48.985637
2014	48.974683
2015	48.963733
2016	48.952787
2017	48.941846
2018	48.930910
2019	48.919977
2020	48.909049
2021	48.898126
2022	48.887206
2023	48.876291
2024	48.865381
2025	48.854475
2026	48.843573
2027	48.832676
2028	48.821782
2029	48.810894
2030	48.800009
2031	48.789129
2032	48.778254
2033	48.767382
2034	48.756516
2035	48.745653
2036	48.734795
2037	48.723941
2038	48.713091
2039	48.702246
2040	48.691405
2041	48.680568
2042	48.669736
2043	48.658908
2044	48.648085
2045	48.637266
2046	48.626451
2047	48.615640
2048	48.604834
2049	48.594032
2050	48.583234
2051	48.572441
2052	48.561652
2053	48.550867
2054	48.540087
2055	48.529311
2056	48.518539
2057	48.507772
2058	48.497009
2059	48.486250
2060	48.475495
2061	48.464745
2062	48.453999
2063	48.443258
2064	48.432520
2065	48.421787
2066	48.411059
2067	48.400334
2068	48.389614
2069	48.378898
2070	48.368187
2071	48.357479
2072	48.346776
2073	48.336078
2074	48.325383
2075	48.314693
2076	48.304007
2077	48.293326
2078	48.282648
2079	48.271975
2080	48.261306
2081	48.250642
2082	48.239982
2083	48.229326
2084	48.218674
2085	48.208027
2086	48.197383
2087	48.186744
2088	48.176110
2089	48.165479
2090	48.154853
2091	48.144231
2092	48.133613
2093	48.123000
2094	48.112391
2095	48.101786
2096	48.091185
2097	48.080589
2098	48.069996
2099	48.059408
2100	48.048825
2101	48.038245
2102	48.027670
2103	48.017099
2104	48.006532
2105	47.995969
2106	47.985411
2107	47.974857
2108	47.964307
2109	47.953761
2110	47.943220
2111	47.932682
2112	47.922149
2113	47.911620
2114	47.901096
2115	47.890575
2116	47.880059
2117	47.869547
2118	47.859039
2119	47.848536
2120	47.838036
2121	47.827541
2122	47.817050
2123	47.806563
2124	47.796080
2125	47.785602
2126	47.775128
2127	47.764658
2128	47.754192
2129	47.743730
2130	47.733273
2131	47.722819
2132	47.712370
2133	47.701925
2134	47.691485
2135	47.681048
2136	47.670616
2137	47.660187
2138	47.649763
2139	47.639343
2140	47.628928
2141	47.618516
2142	47.608109
2143	47.597705
2144	47.587306
2145	47.576911
2146	47.566521
2147	47.556134
2148	47.545751
2149	47.535373
2150	47.524999
2151	47.514629
2152	47.504263
2153	47.493901
2154	47.483544
2155	47.473191
2156	47.462841
2157	47.452496
2158	47.442155
2159	47.431818
2160	47.421486
2161	47.411157
2162	47.400832
2163	47.390512
2164	47.380196
2165	47.369884
2166	47.359576
2167	47.349272
2168	47.338972
2169	47.328677
2170	47.318385
2171	47.308098
2172	47.297815
2173	47.287536
2174	47.277261
2175	47.266990
2176	47.256723
2177	47.246460
2178	47.236202
2179	47.225947
2180	47.215697
2181	47.205450
2182	47.195208
2183	47.184970
2184	47.174736
2185	47.164506
2186	47.154280
2187	47.144059
2188	47.133841
2189	47.123628
2190	47.113418
2191	47.103213
2192	47.093012
2193	47.082814
2194	47.072621
2195	47.062432
2196	47.052247
2197	47.042066
2198	47.031889
2199	47.021717
2200	47.011548
2201	47.001383
2202	46.991223
2203	46.981066
2204	46.970914
2205	46.960766
2206	46.950621
2207	46.940481
2208	46.930345
2209	46.920213
2210	46.910085
2211	46.899961
2212	46.889841
2213	46.879725
2214	46.869613
2215	46.859505
2216	46.849401
2217	46.839301
2218	46.829206
2219	46.819114
2220	46.809026
2221	46.798943
2222	46.788863
2223	46.778788
2224	46.768716
2225	46.758649
2226	46.748585
2227	46.738526
2228	46.728470
2229	46.718419
2230	46.708371
2231	46.698328
2232	46.688289
2233	46.678253
2234	46.668222
2235	46.658195
2236	46.648172
2237	46.638152
2238	46.628137
2239	46.618126
2240	46.608119
2241	46.598115
2242	46.588116
2243	46.578121
2244	46.568130
2245	46.558142
2246	46.548159
2247	46.538180
2248	46.528205
2249	46.518233
2250	46.508266
2251	46.498303
2252	46.488343
2253	46.478388
2254	46.468437
2255	46.458489
2256	46.448546
2257	46.438606
2258	46.428671
2259	46.418740
2260	46.408812
2261	46.398889
2262	46.388969
2263	46.379053
2264	46.369142
2265	46.359234
2266	46.349330
2267	46.339431
2268	46.329535
2269	46.319643
2270	46.309755
2271	46.299871
2272	46.289991
2273	46.280115
2274	46.270243
2275	46.260375
2276	46.250511
2277	46.240651
2278	46.230795
2279	46.220942
2280	46.211094
2281	46.201249
2282	46.191409
2283	46.181572
2284	46.171740
2285	46.161911
2286	46.152086
2287	46.142266
2288	46.132449
2289	46.122636
2290	46.112827
2291	46.103021
2292	46.093220
2293	46.083423
2294	46.073630
2295	46.063840
2296	46.054055
2297	46.044273
2298	46.034495
2299	46.024721
2300	46.014952
2301	46.005186
2302	45.995424
2303	45.985665
2304	45.975911
2305	45.966161
2306	45.956414
2307	45.946672
2308	45.936933
2309	45.927198
2310	45.917467
2311	45.907740
2312	45.898017
2313	45.888298
2314	45.878583
2315	45.868871
2316	45.859164
2317	45.849460
2318	45.839760
2319	45.830064
2320	45.820372
2321	45.810684
2322	45.801000
2323	45.791320
2324	45.781643
2325	45.771970
2326	45.762302
2327	45.752637
2328	45.742976
2329	45.733318
2330	45.723665
2331	45.714016
2332	45.704370
2333	45.694728
2334	45.685090
2335	45.675456
2336	45.665826
2337	45.656200
2338	45.646577
2339	45.636959
2340	45.627344
2341	45.617733
2342	45.608126
2343	45.598523
2344	45.588923
2345	45.579328
2346	45.569736
2347	45.560148
2348	45.550564
2349	45.540984
2350	45.531407
2351	45.521835
2352	45.512266
2353	45.502701
2354	45.493140
2355	45.483583
2356	45.474029
2357	45.464480
2358	45.454934
2359	45.445392
2360	45.435854
2361	45.426320
2362	45.416789
2363	45.407262
2364	45.397739
2365	45.388220
2366	45.378705
2367	45.369194
2368	45.359686
2369	45.350182
2370	45.340682
2371	45.331186
2372	45.321693
2373	45.312204
2374	45.302720
2375	45.293239
2376	45.283761
2377	45.274288
2378	45.264818
2379	45.255352
2380	45.245890
2381	45.236432
2382	45.226977
2383	45.217526
2384	45.208079
2385	45.198636
2386	45.189197
2387	45.179761
2388	45.170329
2389	45.160901
2390	45.151476
2391	45.142056
2392	45.132639
2393	45.123226
2394	45.113817
2395	45.104411
2396	45.095009
2397	45.085611
2398	45.076217
2399	45.066827
2400	45.057440
2401	45.048057
2402	45.038678
2403	45.029302
2404	45.019931
2405	45.010563
2406	45.001198
2407	44.991838
2408	44.982481
2409	44.973128
2410	44.963779
2411	44.954433
2412	44.945092
2413	44.935754
2414	44.926419
2415	44.917089
2416	44.907762
2417	44.898439
2418	44.889119
2419	44.879804
2420	44.870492
2421	44.861184
2422	44.851879
2423	44.842578
2424	44.833281
2425	44.823988
2426	44.814698
2427	44.805413
2428	44.796130
2429	44.786852
2430	44.777577
2431	44.768306
2432	44.759039
2433	44.749775
2434	44.740515
2435	44.731259
2436	44.722007
2437	44.712758
2438	44.703513
2439	44.694271
2440	44.685034
2441	44.675800
2442	44.666569
2443	44.657343
2444	44.648120
2445	44.638900
2446	44.629685
2447	44.620473
2448	44.611265
2449	44.602060
2450	44.592859
2451	44.583662
2452	44.574469
2453	44.565279
2454	44.556093
2455	44.546911
2456	44.537732
2457	44.528557
2458	44.519385
2459	44.510218
2460	44.501053
2461	44.491893
2462	44.482736
2463	44.473583
2464	44.464434
2465	44.455288
2466	44.446146
2467	44.437007
2468	44.427873
2469	44.418741
2470	44.409614
2471	44.400490
2472	44.391370
2473	44.382253
2474	44.373140
2475	44.364031
2476	44.354926
2477	44.345824
2478	44.336725
2479	44.327631
2480	44.318540
2481	44.309452
2482	44.300368
2483	44.291288
2484	44.282212
2485	44.273139
2486	44.264070
2487	44.255004
2488	44.245942
2489	44.236884
2490	44.227829
2491	44.218778
2492	44.209730
2493	44.200686
2494	44.191646
2495	44.182609
2496	44.173576
2497	44.164547
2498	44.155521
2499	44.146499
2500	44.137480
2501	44.128465
2502	44.119454
2503	44.110446
2504	44.101442
2505	44.092441
2506	44.083444
2507	44.074451
2508	44.065461
2509	44.056475
2510	44.047492
2511	44.038513
2512	44.029538
2513	44.020566
2514	44.011598
2515	44.002633
2516	43.993672
2517	43.984715
2518	43.975761
2519	43.966811
2520	43.957864
2521	43.948921
2522	43.939981
2523	43.931045
2524	43.922113
2525	43.913184
2526	43.904259
2527	43.895337
2528	43.886419
2529	43.877504
2530	43.868593
2531	43.859686
2532	43.850782
2533	43.841882
2534	43.832985
2535	43.824092
2536	43.815202
2537	43.806316
2538	43.797433
2539	43.788554
2540	43.779679
2541	43.770807
2542	43.761939
2543	43.753074
2544	43.744213
2545	43.735355
2546	43.726501
2547	43.717650
2548	43.708803
2549	43.699960
2550	43.691120
2551	43.682283
2552	43.673450
2553	43.664621
2554	43.655795
2555	43.646973
2556	43.638154
2557	43.629339
2558	43.620527
2559	43.611719
2560	43.602914
2561	43.594113
2562	43.585315
2563	43.576521
2564	43.567731
2565	43.558944
2566	43.550160
2567	43.541380
2568	43.532603
2569	43.523830
2570	43.515061
2571	43.506295
2572	43.497532
2573	43.488773
2574	43.480018
2575	43.471266
2576	43.462517
2577	43.453772
2578	43.445031
2579	43.436293
2580	43.427558
2581	43.418827
2582	43.410100
2583	43.401376
2584	43.392655
2585	43.383938
2586	43.375224
2587	43.366514
2588	43.357808
2589	43.349105
2590	43.340405
2591	43.331709
2592	43.323016
2593	43.314327
2594	43.305641
2595	43.296959
2596	43.288280
2597	43.279605
2598	43.270933
2599	43.262265
2600	43.253600
2601	43.244938
2602	43.236280
2603	43.227626
2604	43.218975
2605	43.210327
2606	43.201683
2607	43.193042
2608	43.184405
2609	43.175771
2610	43.167141
2611	43.158514
2612	43.149891
2613	43.141271
2614	43.132654
2615	43.124041
2616	43.115432
2617	43.106825
2618	43.098223
2619	43.089623
2620	43.081028
2621	43.072435
2622	43.063846
2623	43.055261
2624	43.046679
2625	43.038100
2626	43.029525
2627	43.020953
2628	43.012384
2629	43.003819
2630	42.995258
2631	42.986700
2632	42.978145
2633	42.969594
2634	42.961046
2635	42.952502
2636	42.943961
2637	42.935423
2638	42.926889
2639	42.918358
2640	42.909831
2641	42.901307
2642	42.892786
2643	42.884269
2644	42.875756
2645	42.867245
2646	42.858738
2647	42.850235
2648	42.841735
2649	42.833238
2650	42.824745
2651	42.816255
2652	42.807768
2653	42.799285
2654	42.790806
2655	42.782329
2656	42.773856
2657	42.765387
2658	42.756921
2659	42.748458
2660	42.739998
2661	42.731542
2662	42.723090
2663	42.714641
2664	42.706195
2665	42.697752
2666	42.689313
2667	42.680877
2668	42.672445
2669	42.664016
2670	42.655590
2671	42.647168
2672	42.638749
2673	42.630334
2674	42.621922
2675	42.613513
2676	42.605108
2677	42.596706
2678	42.588307
2679	42.579912
2680	42.571520
2681	42.563131
2682	42.554746
2683	42.546364
2684	42.537985
2685	42.529610
2686	42.521238
2687	42.512870
2688	42.504505
2689	42.496143
2690	42.487784
2691	42.479429
2692	42.471077
2693	42.462729
2694	42.454384
2695	42.446042
2696	42.437704
2697	42.429369
2698	42.421037
2699	42.412708
