0.046989
0.1496
0.189885
0.200661
0.281705
0.370043
0.371595
0.374795
0.502122
0.471126
0.561474
0.576838
0.674109
0.729847
0.768952
0.758045
0.867817
0.84585
0.861947
0.971961
1.023511
1.066475
1.134086
1.120209
1.188448
1.243369
1.267736
1.279118
1.324845
1.348693
1.421215
1.461377
1.489385
1.600741
1.591037
1.655641
1.732983
1.738
1.769285
1.811145
1.862339
1.904776
1.929607
1.963927
2.041781
2.114746
2.090728
2.167691
2.179012
2.188324
2.226329
2.332484
2.384888
2.366137
2.397129
2.423712
2.53886
2.568843
2.59413
2.616931
2.704382
2.691841
2.7636
2.808451
2.807602
2.855328
2.915888
2.948277
2.974179
3.008197
2.991867
3.038021
3.095111
3.077387
3.159093
3.165207
3.23482
3.226651
3.277061
3.330366
3.392397
3.334851
3.39246
3.479342
3.488299
3.496661
3.514767
3.581427
3.559917
3.599096
3.605996
3.636061
3.670722
3.703693
3.725729
3.761428
3.785281
3.885309
3.890429
3.857533
3.870436
3.919702
3.940086
3.948963
3.997343
4.071905
4.093691
4.070174
4.12861
4.131086
4.127432
4.124798
4.1805
4.176924
4.259464
4.250158
4.223872
4.218087
4.31002
4.316715
4.338848
4.34415
4.342012
4.332104
4.343349
4.358937
4.368735
4.38635
4.393765
4.424763
4.44084
4.446814
4.492863
4.455683
4.487567
4.49034
4.482161
4.490363
4.527032
4.549917
4.542066
4.594496
4.564898
4.594215
4.617463
4.551097
4.617077
4.580391
4.608886
4.646203
4.555108
4.594638
4.572685
4.648743
4.614569
4.606766
4.629831
4.614171
4.584547
4.629799
4.562506
4.639246
4.634973
4.624251
4.584064
4.549694
4.596136
4.556384
4.621998
4.523649
4.548794
4.517443
4.56771
4.593817
4.492618
4.560854
4.505641
4.527552
4.515215
4.477065
4.462272
4.440462
4.408331
4.473265
4.48252
4.414427
