44.24835
43.32527
43.20591
43.51022
43.47162
43.15404
43.60579
43.02774
44.17311
43.9167
42.95075
42.95748
43.00115
42.88257
43.58641
42.71155
42.99754
42.72356
43.67819
43.46109
42.47977
43.29763
42.40894
42.45167
43.03711
42.59024
42.20955
42.51483
43.17054
42.59305
42.78973
42.57204
42.22336
42.7261
42.35662
42.35408
41.91146
41.33497
42.37579
41.56602
42.21923
42.24003
40.9988
41.86452
40.67368
41.38094
41.73789
41.42219
41.36593
40.75995
40.71407
40.64573
40.22543
39.95219
40.35299
40.18768
40.18407
39.35902
39.70247
39.08922
39.14949
39.20569
39.39184
38.59335
39.05142
38.50348
38.19877
38.01659
37.32051
37.81385
36.77135
36.46522
36.32211
36.85795
35.63098
35.28449
35.96093
35.14824
34.66781
34.51103
34.40598
33.23041
33.88085
32.60511
32.43456
32.58403
31.22425
31.1605
30.45273
29.92063
29.5378
30.02771
28.92054
28.94586
28.10547
28.09285
27.19676
27.08642
26.05238
26.21848
25.2791
25.30182
25.21623
24.85638
24.26125
23.48036
22.369
22.73681
22.10772
22.29657
21.51853
21.67515
21.09899
20.55096
20.19528
20.17989
20.11915
19.80908
18.70047
18.74075
17.78869
17.54258
18.41639
17.0957
17.23521
17.57292
17.34049
16.81016
16.16211
16.61512
16.2039
16.75047
16.0299
15.20886
15.18195
15.99048
14.66692
15.67492
14.56755
15.42093
14.91219
14.30936
14.21323
14.92483
14.23274
14.67078
13.62025
14.58953
13.73535
13.89914
13.74138
13.81388
13.15833
13.65901
13.93755
13.30318
13.17578
13.80388
13.0508
12.62037
13.44344
12.94792
12.56779
12.27171
12.1913
12.96199
13.11609
12.61503
12.26534
12.93652
12.00713
12.36439
12.36152
11.81743
12.78737
12.55425
11.78805
12.52788
12.31678
11.68814
11.95335
11.65527
12.09228
11.62367
11.05151
11.5182
