1.118895
1.807349
2.784564
4.957781
5.319691
1.824187
3.6531
1.087727
6.280954
4.859637
2.896557
2.214267
1.687971
1.917565
2.008716
2.347277
2.131891
2.550699
6.368402
7.170417
3.596241
7.126057
8.09781
4.544429
7.359743
5.842689
6.171971
4.847257
9.676734
8.112645
9.848461
6.548923
7.430985
7.746492
9.698211
11.42083
8.752614
10.23801
12.67663
11.1587
15.24592
17.14755
17.59582
16.66435
14.89471
19.34436
17.12064
17.75202
20.14078
23.16103
22.45237
22.93925
24.02854
24.0312
26.59326
27.98582
26.976
29.22722
30.50189
29.2949
33.85468
30.19043
33.30978
35.82271
33.23377
37.5872
34.78116
38.40199
39.99989
37.43635
41.43219
40.24925
37.86464
40.26465
44.09048
39.57061
41.51617
41.54634
43.85875
46.29361
46.99182
47.03146
44.33576
43.96053
46.30168
45.43586
44.8444
46.07494
45.39802
48.00276
48.0416
47.65646
45.82487
47.82482
49.95806
49.47439
47.13411
46.0242
48.78422
49.13729
45.89352
47.89795
50.58066
47.15358
51.44807
49.12315
50.55811
50.89153
46.89237
50.58416
51.54131
47.92918
47.95974
51.75245
48.7077
48.77653
51.04533
51.76757
47.68153
46.78033
47.3176
50.41065
47.63892
47.00198
48.76435
50.07871
46.52066
51.48177
46.77143
46.85087
48.69144
48.24111
51.56142
47.3957
48.52931
47.50436
48.98269
50.19984
50.63644
51.97047
50.89981
50.61743
52.12446
51.94149
49.31906
51.55535
51.35456
49.44273
47.34361
51.85059
52.21315
48.96231
50.18461
47.70596
48.17364
50.959
48.90602
50.23405
47.93816
50.01263
49.64165
49.80824
46.91944
52.12606
48.17573
51.74261
49.72579
48.51747
50.78057
49.56493
49.88103
51.70457
48.00697
48.27774
51.77438
48.00156
50.62699
49.96913
52.09811
50.63971
47.50372
48.67225
50.71405
47.85652
47.22596
47.85743
