0.184146
0.214611
0.284371
0.354399
0.368677
0.409503
0.453941
0.511926
0.531198
0.600866
0.661394
0.734842
0.751460
0.794311
0.831627
0.855617
0.879796
0.954625
1.024938
1.078421
1.110966
1.142412
1.181745
1.240386
1.265185
1.287994
1.313978
1.361686
1.412537
1.454923
1.515092
1.566474
1.613060
1.657655
1.717241
1.747796
1.768046
1.812589
1.861547
1.901695
1.929011
1.970996
2.045524
2.089884
2.121978
2.147955
2.181835
2.187574
2.240160
2.323527
2.373034
2.381141
2.384518
2.446572
2.517072
2.575551
2.588565
2.636798
2.674473
2.717170
2.755679
2.798760
2.818746
2.855779
2.910515
2.948884
2.980442
2.993514
3.005957
3.040953
3.072826
3.107324
3.132169
3.189239
3.211022
3.243112
3.271788
3.341863
3.361280
3.362332
3.394287
3.463525
3.494041
3.494221
3.529813
3.556948
3.580645
3.586375
3.612340
3.635008
3.670976
3.700792
3.730024
3.751697
3.807490
3.865768
3.888121
3.865526
3.875220
3.912620
3.937203
3.954477
4.002969
4.064497
4.083424
4.092903
4.112518
4.134744
4.123132
4.139792
4.157956
4.204640
4.237793
4.253362
4.220466
4.240388
4.285709
4.328110
4.335277
4.344983
4.339505
4.336024
4.342777
4.356902
4.371446
4.381910
4.399961
4.421050
4.436952
4.461684
4.469240
4.477152
4.477596
4.489554
4.483468
4.495020
4.524864
4.540663
4.562065
4.570217
4.582549
4.595806
4.591277
4.590266
4.582546
4.599609
4.615818
4.612237
4.593778
4.564501
4.604205
4.619185
4.625892
4.613117
4.621744
4.608679
4.608227
4.591742
4.603788
4.613565
4.643337
4.619254
4.580660
4.570437
4.565402
4.595889
4.574273
4.563716
4.521528
4.538348
4.567484
4.559541
4.543157
4.518558
4.532379
4.517283
4.511723
4.483883
4.459952
4.430974
4.430628
4.462030
