0.238095
0.190476
0.238095
0.285714
0.333333
0.380952
0.428571
0.380952
0.476190
0.476190
0.523810
0.523810
0.571429
0.619048
0.666667
0.666667
0.714286
0.714286
0.761905
0.809524
0.761905
0.809524
0.904762
0.904762
0.904762
0.952381
0.952381
1.000000
1.047619
1.095238
1.095238
1.142857
1.190476
1.190476
1.238095
1.238095
1.285714
1.333333
1.380952
1.428571
1.428571
1.428571
1.476190
1.523810
1.523810
1.619048
1.619048
1.619048
1.666667
1.666667
1.714286
1.714286
1.761905
1.809524
1.857143
1.857143
1.857143
1.904762
1.952381
1.952381
1.952381
2.000000
2.000000
2.047619
2.095238
2.095238
2.095238
2.142857
2.190476
2.190476
2.238095
2.190476
2.238095
2.285714
2.333333
2.333333
2.333333
2.333333
2.428571
2.476190
2.428571
2.428571
2.428571
2.428571
2.523810
2.571429
2.571429
2.571429
2.571429
2.619048
2.666667
2.666667
2.666667
2.666667
2.666667
2.714286
2.714286
2.761905
2.809524
2.809524
2.809524
2.809524
2.809524
2.857143
2.952381
2.904762
2.904762
2.904762
2.904762
2.904762
2.952381
2.952381
3.000000
3.047619
3.047619
3.000000
3.000000
3.047619
3.095238
3.142857
3.142857
3.095238
3.095238
3.142857
3.142857
3.142857
3.142857
3.142857
3.142857
3.142857
3.190476
3.190476
3.142857
3.142857
3.142857
3.142857
3.190476
3.190476
3.190476
3.190476
3.190476
3.190476
3.190476
3.190476
3.190476
3.190476
3.190476
3.190476
3.190476
3.190476
3.190476
3.190476
3.190476
3.190476
3.190476
3.190476
3.190476
3.190476
3.190476
3.190476
3.190476
3.190476
3.190476
3.190476
3.190476
3.190476
3.142857
3.190476
3.190476
3.190476
3.190476
3.142857
3.095238
3.142857
3.190476
3.142857
3.142857
3.095238
1.857143
1.285714
