0.235997
0.287229
0.326307
0.384671
0.414429
0.452182
0.497283
0.549405
0.595816
0.671039
0.710160
0.766210
0.799138
0.818437
0.852601
0.903116
0.945221
1.021484
1.075554
1.107806
1.148748
1.191185
1.224800
1.267198
1.288865
1.318959
1.363069
1.404376
1.462370
1.515547
1.558589
1.616376
1.668214
1.702377
1.746344
1.778333
1.812900
1.858320
1.894676
1.932383
1.987059
2.032408
2.084566
2.127981
2.150727
2.164090
2.204743
2.253962
2.309800
2.358678
2.380632
2.404171
2.448992
2.511190
2.557083
2.608199
2.632701
2.671519
2.720165
2.758971
2.785111
2.828291
2.862993
2.902138
2.950951
2.975936
2.990026
3.017949
3.037058
3.069728
3.105869
3.144270
3.175605
3.213707
3.240075
3.293479
3.321869
3.349269
3.378643
3.410496
3.443817
3.483964
3.512980
3.526651
3.553180
3.576162
3.593840
3.608314
3.640467
3.667034
3.700689
3.723624
3.763846
3.814448
3.853142
3.871188
3.882487
3.884736
3.902142
3.930336
3.967328
4.010866
4.046169
4.082194
4.104021
4.113228
4.118590
4.136212
4.136622
4.165335
4.204786
4.233623
4.231196
4.242750
4.249236
4.279928
4.317388
4.342516
4.339711
4.340328
4.339571
4.343854
4.355661
4.369070
4.383913
4.401917
4.417013
4.442436
4.457552
4.467621
4.477991
4.482849
4.478528
4.490092
4.502343
4.515901
4.544022
4.560361
4.568889
4.588720
4.589151
4.590013
4.592437
4.586032
4.603108
4.611755
4.602521
4.591297
4.588912
4.593913
4.614241
4.620237
4.628002
4.608319
4.616239
4.601935
4.596264
4.606358
4.623073
4.624120
4.615882
4.592104
4.569382
4.577705
4.578943
4.577843
4.551623
4.540802
4.544966
4.552227
4.554510
4.547925
4.529228
4.521508
4.524856
4.501682
4.489546
4.452860
4.436303
4.447241
